100.0993
100.6222
101.4283
102.2503
102.5429
103.1832
104.1814
104.6488
105.0246
105.8426
106.2486
106.8459
107.5751
107.7205
108.3228
109.1072
109.5554
110.3447
110.6092
111.0014
112.0535
112.1745
112.6746
112.7991
113.3790
113.8942
114.0059
114.6545
114.7814
115.1437
115.3602
116.1072
115.9675
115.9692
116.5325
116.2876
116.7136
116.3963
116.6150
116.9885
117.1413
117.0484
116.9875
116.9231
116.6366
116.7137
116.6676
116.8501
116.5634
115.9756
116.2043
115.8519
115.5616
115.5664
115.3770
115.0637
114.3969
114.1714
113.9497
113.7113
113.0361
112.6944
112.0943
111.6457
111.6028
111.2538
110.4979
110.2313
109.6105
108.9070
108.5971
108.3132
107.4721
107.2597
105.8850
106.0312
105.3387
104.7135
104.2422
103.2764
103.0805
102.6477
102.3261
101.3844
100.7882
100.3165
100.0731
99.4360
98.7524
98.4581
97.8816
97.5733
96.7680
96.3841
95.9255
95.2794
95.2142
94.8055
94.3688
93.9522
93.3649
93.2308
92.9322
92.5454
92.3986
92.2572
92.3200
91.7654
91.5915
91.3568
90.8422
91.0977
91.0153
91.4194
90.8354
90.9049
90.8323
90.6241
91.1290
91.1174
91.2157
90.9901
91.5908
91.1917
91.7749
92.3042
91.8997
92.2389
92.6489
92.8271
92.9380
93.6035
93.7397
94.4295
94.5532
95.4685
95.4419
95.9920
96.6943
96.7772
97.5765
98.3152
98.2695
99.1787
99.7573
100.4373
100.6203
101.2007
102.1756
102.7456
103.3589
104.0074
104.4371
105.2595
105.9155
106.3608
107.5256
107.8970
108.2138
109.2324
109.5533
110.5500
111.2649
111.5050
112.4921
113.0057
113.7038
114.5266
114.6968
115.1835
115.7338
116.3141
117.0147
117.6378
118.1500
118.7702
119.1017
119.8677
119.9848
121.0246
121.0302
121.1390
121.4820
122.1583
122.3621
122.8734
123.1275
123.2986
123.4018
123.5035
123.9295
124.3792
124.4164
124.2664
124.6684
124.8052
124.6218
124.8757
124.8790
124.6372
124.9119
124.9034
124.9351
124.8331
124.2276
124.1734
124.2992
124.1120
123.9035
124.3408
123.4332
123.2744
122.9463
122.5746
122.0512
121.9178
121.2455
120.9698
120.5209
120.2196
120.2367
118.9568
119.0107
118.0817
117.8290
117.6496
116.9432
116.2043
115.7582
115.5113
114.6973
114.3492
113.7732
113.0885
113.0998
112.2484
111.1666
111.0594
110.3415
110.0983
109.2266
108.8236
108.4141
107.9589
107.0253
106.6859
106.1541
105.6244
105.6247
104.8805
104.0875
104.0765
103.8844
103.2482
102.3348
102.1550
102.1352
101.3877
101.2835
101.0340
100.3972
100.2941
99.4016
99.6097
99.5501
99.1588
99.5648
98.8047
98.8780
98.8904
99.0742
98.4440
98.9327
98.6949
98.5132
98.8426
98.8546
98.7834
99.0299
99.0752
99.3350
99.6283
100.0199
99.6849
100.6117
100.0697
100.7268
101.1935
101.4720
101.6520
102.1159
102.4597
102.8604
103.5867
103.9447
104.2085
105.0175
105.4055
106.0282
106.5276
106.7856
107.4020
108.2382
108.7967
109.2666
109.9000
110.7464
110.9946
111.8511
112.3359
112.9724
113.8792
114.4711
115.1174
115.8655
116.2585
117.0398
117.4887
118.2602
118.8103
119.4920
120.2224
120.5641
121.7631
121.7519
122.3097
123.3734
123.8785
124.4115
124.9663
125.3787
125.7279
126.4339
126.7789
127.5886
127.8262
128.1349
128.6616
129.2154
129.4074
129.7230
130.2828
130.6086
130.7622
131.0515
131.4518
131.3529
131.5752
131.9040
132.1725
132.4213
132.7743
132.7470
132.6158
132.6923
132.5199
132.7171
132.6395
132.7145
132.4137
132.5887
132.6740
132.2053
132.1445
132.0170
131.5916
131.4881
131.1962
130.9431
130.4788
130.3287
130.0948
129.9386
129.4756
129.3328
128.3508
128.2653
127.6991
127.6580
126.6026
126.1280
125.6962
124.9005
124.7194
124.1629
123.8269
123.3399
123.1151
122.3930
121.5460
120.9366
120.6670
119.7553
119.8357
119.1557
118.2776
117.4826
117.5529
116.7203
116.4569
115.3626
115.0406
114.6483
114.1522
113.5580
113.2882
112.4771
112.2013
111.8060
111.4508
111.0707
110.2993
109.8292
110.0202
109.4771
108.9250
109.0677
108.4826
108.4172
107.9370
108.0986
107.8219
107.2271
107.2993
107.0847
107.1028
106.5325
106.7825
106.8003
106.2039
106.3098
106.1534
106.5461
106.8063
107.0499
106.8749
107.3203
106.8767
106.9937
107.5282
107.8441
108.0116
107.8779
108.5688
108.6428
109.3759
109.6744
109.7925
110.2769
110.5863
111.2227
111.8813
111.9656
112.7527
113.0510
113.5189
114.1910
114.5541
115.2120
115.6569
116.8745
117.0840
117.5420
118.3385
118.8946
119.5012
120.3024
120.9703
121.3560
121.9933
122.7020
122.9463
123.7536
124.9792
125.6823
125.9484
126.7547
127.3384
128.5232
128.7561
129.1241
129.5679
130.0378
130.9899
131.3772
131.8115
132.5216
132.9762
134.0574
134.4089
134.7279
135.5060
135.6889
135.9470
136.8513
137.0629
137.1366
137.6748
137.8861
138.1119
138.8794
139.3599
138.9598
139.5911
139.5644
139.7899
139.9382
140.0297
140.3342
140.2565
140.5510
140.5371
140.5255
140.3941
140.4386
140.6597
140.5398
140.1517
140.2515
140.2434
139.5980
139.8572
139.4106
139.4304
138.9157
138.4389
138.1857
138.2127
137.9280
137.3497
137.2951
136.4549
136.3773
135.7361
135.4207
135.1192
134.4829
134.1108
133.9099
133.1033
132.8859
131.9837
131.7982
131.4559
130.1421
129.9404
129.6740
128.9732
128.5406
127.7964
127.3845
126.7864
126.5025
125.7735
125.2468
124.5576
124.0081
123.4907
123.1345
122.4576
122.0946
121.9561
121.2300
120.5167
120.3603
119.5895
118.8283
118.6136
118.0356
117.9500
117.6513
117.6275
117.0202
116.5922
116.5023
115.6145
115.8444
115.7127
115.0455
115.3742
115.0396
114.7376
114.8188
115.0410
114.5412
114.4959
114.3195
114.2304
114.5793
114.2788
114.5252
114.5001
114.8002
114.9037
115.2007
115.0710
115.3222
115.4066
115.7624
116.1982
116.5677
116.5472
117.2422
117.6968
117.8862
118.5765
118.4633
118.8048
119.1516
120.2777
120.5972
120.9591
121.5455
121.7982
123.0601
123.1574
123.7262
124.4337
124.9794
125.5322
125.9424
126.8156
127.7255
128.2520
128.9404
129.1625
129.7130
130.5341
131.2200
132.0777
132.1696
133.4617
133.7693
134.3571
134.8772
135.3804
136.5013
136.9695
137.3068
137.9066
138.6895
139.6705
139.8533
140.1606
140.9548
141.4780
141.5069
142.5336
142.9801
143.6304
144.3082
144.5926
144.7235
144.9465
146.0529
145.9001
146.2199
146.5198
146.8498
147.0447
147.1995
147.4227
147.7202
147.7894
147.9032
148.1910
148.2187
148.6466
147.8678
148.6444
148.6795
147.9959
148.2985
148.2257
147.9279
147.9401
147.7368
148.1500
147.8050
147.6686
147.3334
146.7170
146.5710
146.4868
145.8379
145.8993
145.3647
144.9760
144.8142
144.3656
143.7935
143.6715
142.7831
142.6688
142.1979
141.5393
141.1773
140.3627
140.2893
139.5508
138.9590
138.7427
137.8558
137.1741
136.5999
136.4852
135.5588
135.6160
134.2989
134.5059
133.6622
133.0570
132.4277
132.0818
131.4655
131.1716
130.4593
129.9606
129.3614
128.9366
128.5347
127.6683
127.2907
127.2727
126.7363
126.2587
125.9084
125.6001
125.0659
124.6793
124.5538
124.0179
124.0139
123.3306
123.6366
123.3062
123.0654
123.0354
123.0190
122.7585
122.0802
122.1086
122.1791
122.2725
122.3579
122.1201
122.3376
122.2080
122.3197
122.2675
122.4949
122.5636
122.8167
123.4238
123.2476
124.2111
124.0530
124.2831
124.3880
125.0347
125.1353
125.6511
126.5348
126.4190
127.1022
127.1840
127.7873
128.6350
128.6582
129.6641
129.9758
130.2683
131.0669
131.7068
132.2199
132.3754
133.1476
133.8558
134.5107
135.2770
135.8218
136.1576
137.1434
137.8354
138.4735
139.2273
139.8279
140.4023
140.9443
141.2714
142.3315
142.9246
143.5695
143.8858
144.5437
145.5811
145.9642
146.7002
147.1506
147.7203
148.4591
148.7120
149.3642
149.7675
150.2725
150.7807
151.3532
151.6617
152.4389
152.4204
152.9540
153.2755
154.0045
154.0850
154.5613
154.3451
154.9608
155.3278
155.3861
155.7792
155.6358
156.1707
156.4744
156.0441
156.1055
156.5394
156.5946
156.1802
156.1829
156.1690
155.8912
155.8877
155.7587
155.6711
155.6601
155.5340
155.5954
154.8621
155.0141
154.5091
154.2566
154.0964
153.4128
153.3713
152.9677
152.6553
152.2206
152.2440
151.2005
150.7827
150.3116
149.8598
149.3662
149.2432
148.7911
147.8851
147.3167
147.0538
146.3189
146.0201
145.3936
144.5056
144.5711
144.0718
143.0402
142.5354
142.1214
141.5843
141.1052
140.8355
139.8629
139.2093
138.5703
138.1849
137.8178
137.6862
136.7368
136.4093
135.8974
135.6874
135.5176
134.4830
134.0834
133.9981
133.5501
133.4249
132.8320
132.3216
132.2090
132.0296
131.7092
131.4046
131.2957
131.1170
130.9824
130.6809
130.3857
130.3394
130.4656
129.9986
130.1971
130.0298
130.1233
130.4062
130.2457
130.2978
130.1215
130.6715
130.8038
131.2834
130.9886
131.3166
131.5680
132.1015
132.0570
132.4437
132.8428
133.1127
133.3607
133.8833
134.4731
134.4858
135.1685
135.4703
136.3345
136.2923
137.0020
137.7208
138.5039
138.7362
139.2093
140.2789
140.2062
140.6588
141.7983
142.2295
142.7524
143.7312
144.2764
144.7572
145.2597
146.3383
146.9434
147.4435
148.4821
148.5467
149.1012
149.9102
150.6773
151.3677
151.8973
152.6353
152.9259
154.0673
154.3547
155.1765
155.5920
156.1729
156.7403
157.2468
157.8020
158.4400
158.6980
159.2681
159.5584
160.2962
160.2859
161.1751
161.1806
161.2557
161.8998
162.0489
162.6423
162.6105
162.8962
162.8290
163.3148
163.0955
163.4150
164.0116
164.1205
164.1284
163.9058
164.1216
164.1384
163.8916
164.3842
164.1956
163.8892
163.8286
163.7319
163.1261
163.3068
163.0197
162.7340
162.6352
162.7873
162.2721
161.7262
161.6323
